edgelist <- structure(c(7, 45, 123, 129, 136, 149, 163, 172, 380, 418, 479, 
                        163, 185, 189, 204, 205, 245, 308, 342, 408, 469, 491, 502, 3, 
                        9, 11, 13, 18, 37, 45, 68, 68, 70, 88, 99, 110, 114, 127, 137, 
                        151, 163, 196, 197, 239, 243, 286, 286, 307, 321, 327, 332, 335, 
                        396, 409, 479, 488, 7, 18, 45, 286, 23, 48, 180, 261, 266, 289, 
                        302, 456, 464, 3, 36, 163, 286, 3, 45, 212, 411, 412, 489, 33, 
                        34, 45, 63, 88, 163, 210, 304, 310, 322, 388, 398, 408, 462, 
                        468, 487, 488, 3, 5, 18, 31, 33, 38, 41, 64, 67, 79, 85, 88, 
                        130, 163, 167, 168, 169, 170, 171, 175, 193, 196, 215, 216, 217, 
                        228, 247, 248, 263, 265, 270, 273, 274, 284, 290, 292, 297, 308, 
                        324, 335, 359, 371, 380, 381, 386, 392, 398, 406, 424, 425, 429, 
                        437, 447, 448, 470, 479, 505, 507, 18, 85, 196, 380, 406, 66, 
                        98, 103, 167, 168, 169, 170, 171, 172, 173, 174, 175, 18, 19, 
                        41, 73, 85, 88, 90, 158, 186, 193, 200, 214, 250, 278, 288, 298, 
                        303, 308, 380, 421, 456, 462, 479, 484, 487, 508, 3, 45, 67, 
                        163, 197, 304, 308, 316, 396, 398, 401, 408, 420, 469, 477, 481, 
                        507, 7, 32, 33, 45, 88, 97, 163, 187, 188, 193, 197, 205, 222, 
                        230, 304, 322, 388, 396, 398, 449, 479, 487, 507, 16, 45, 77, 
                        83, 88, 158, 163, 192, 193, 205, 259, 291, 308, 335, 336, 380, 
                        381, 384, 388, 389, 396, 398, 408, 419, 468, 469, 469, 471, 476, 
                        477, 480, 487, 495, 507, 509, 512, 41, 45, 52, 55, 70, 163, 169, 
                        203, 220, 281, 286, 304, 334, 360, 396, 456, 468, 487, 506, 45, 
                        49, 60, 163, 174, 229, 331, 468, 496, 102, 242, 329, 3, 12, 14, 
                        17, 22, 36, 37, 40, 45, 50, 56, 60, 65, 89, 94, 100, 103, 110, 
                        127, 161, 162, 196, 198, 202, 251, 253, 257, 312, 327, 368, 452, 
                        486, 488, 498, 67, 264, 280, 310, 461, 66, 79, 244, 275, 282, 
                        353, 355, 395, 413, 422, 467, 3, 15, 6, 10, 18, 27, 30, 31, 32, 
                        33, 36, 39, 41, 42, 45, 55, 67, 68, 76, 84, 85, 88, 97, 98, 99, 
                        101, 102, 103, 106, 109, 110, 111, 112, 113, 114, 116, 117, 118, 
                        119, 120, 121, 122, 123, 124, 125, 126, 127, 128, 129, 132, 133, 
                        134, 136, 137, 138, 139, 140, 141, 142, 145, 148, 149, 150, 151, 
                        152, 163, 167, 168, 169, 170, 171, 172, 174, 175, 179, 188, 193, 
                        197, 210, 212, 255, 262, 286, 290, 304, 310, 310, 316, 319, 321, 
                        322, 332, 334, 360, 376, 380, 381, 388, 392, 396, 406, 438, 454, 
                        455, 463, 468, 469, 472, 479, 487, 488, 497, 507, 507, 105, 107, 
                        115, 130, 135, 144, 146, 147, 153, 175, 222, 433, 462, 482, 3, 
                        26, 32, 45, 68, 159, 163, 165, 169, 210, 212, 264, 272, 286, 
                        295, 304, 310, 316, 327, 335, 401, 488, 45, 154, 3, 32, 45, 68, 
                        96, 163, 179, 338, 286, 396, 468, 469, 488, 103, 179, 468, 3, 
                        32, 45, 68, 96, 163, 338, 179, 286, 396, 468, 188, 7, 18, 212, 
                        45, 76, 93, 205, 208, 262, 315, 388, 392, 396, 398, 45, 76, 93, 
                        205, 262, 315, 388, 392, 396, 398, 45, 68, 88, 112, 212, 308, 
                        352, 415, 420, 479, 481, 487, 507, 6, 7, 196, 380, 406, 438, 
                        169, 272, 71, 286, 334, 387, 397, 402, 404, 405, 406, 407, 163, 
                        479, 238, 336, 18, 43, 68, 68, 114, 163, 194, 197, 239, 286, 
                        305, 475, 45, 396, 45, 169, 205, 391, 398, 474, 485, 488, 18, 
                        68, 88, 123, 129, 163, 197, 209, 265, 309, 360, 380, 392, 396, 
                        432, 448, 475, 487, 81, 159, 163, 164, 165, 171, 201, 210, 213, 
                        269, 271, 354, 362, 385, 401, 426, 436, 450, 451, 466, 66, 89, 
                        158, 468, 163, 272, 2, 3, 7, 16, 18, 21, 37, 45, 68, 70, 88, 
                        114, 127, 151, 163, 212, 225, 286, 304, 332, 396, 479, 488, 504, 
                        290, 59, 82, 92, 163, 226, 235, 255, 256, 260, 323, 335, 339, 
                        366, 370, 381, 386, 423, 428, 433, 444, 457, 41, 53, 64, 88, 
                        120, 126, 130, 140, 147, 157, 163, 169, 175, 215, 216, 217, 218, 
                        221, 236, 266, 267, 270, 273, 274, 280, 287, 292, 294, 308, 309, 
                        325, 349, 381, 386, 434, 437, 458, 470, 479, 507, 212, 3, 7, 
                        18, 37, 45, 68, 7, 47, 156, 163, 182, 208, 227, 230, 286, 299, 
                        310, 328, 344, 361, 383, 404, 405, 406, 407, 408, 410, 438, 479, 
                        396, 3, 184, 194, 208, 319, 398, 32, 164, 195, 210, 300, 305, 
                        310, 322, 401, 490, 25, 155, 169, 212, 320, 446, 45, 131, 322, 
                        45, 8, 478, 334, 163, 327, 462, 487, 86, 92, 105, 107, 115, 130, 
                        135, 144, 146, 147, 153, 160, 175, 176, 183, 207, 256, 258, 326, 
                        327, 350, 363, 369, 378, 381, 430, 431, 433, 435, 440, 441, 444, 
                        98, 103, 127, 348, 158, 181, 479, 66, 87, 394, 395, 397, 406, 
                        45, 206, 398, 3, 18, 41, 45, 55, 64, 78, 104, 149, 158, 163, 
                        188, 191, 193, 205, 219, 268, 297, 308, 312, 360, 381, 388, 396, 
                        406, 408, 479, 482, 487, 507, 45, 65, 138, 159, 243, 327, 330, 
                        356, 357, 358, 26, 75, 190, 237, 327, 3, 21, 37, 45, 68, 93, 
                        159, 163, 166, 171, 209, 210, 212, 223, 231, 283, 304, 318, 327, 
                        333, 337, 358, 392, 396, 402, 406, 417, 427, 442, 442, 453, 475, 
                        487, 488, 499, 501, 507, 240, 439, 468, 34, 74, 163, 322, 433, 
                        503, 163, 171, 390, 27, 136, 163, 211, 222, 346, 360, 380, 45, 
                        98, 334, 382, 438, 8, 163, 171, 281, 402, 241, 406, 460, 69, 
                        201, 232, 234, 279, 3, 7, 29, 36, 45, 61, 80, 108, 123, 129, 
                        136, 149, 172, 177, 178, 212, 242, 246, 293, 317, 327, 335, 364, 
                        365, 367, 373, 375, 379, 380, 411, 438, 445, 455, 468, 479, 488, 
                        500, 511, 88, 130, 293, 372, 381, 433, 449, 462, 473, 488, 4, 
                        18, 24, 55, 72, 78, 114, 129, 136, 149, 197, 199, 211, 238, 285, 
                        293, 327, 332, 340, 343, 360, 374, 380, 406, 409, 417, 15, 88, 
                        163, 380, 479, 487, 45, 265, 272, 41, 62, 88, 163, 193, 288, 
                        306, 308, 311, 322, 393, 396, 398, 398, 459, 469, 487, 488, 68, 
                        292, 386, 416, 432, 443, 465, 469, 54, 88, 188, 193, 308, 449, 
                        487, 3, 7, 18, 18, 28, 33, 45, 55, 57, 76, 163, 222, 224, 262, 
                        290, 313, 345, 351, 351, 380, 392, 402, 406, 438, 80, 323, 468, 
                        492, 493, 494, 41, 98, 103, 348, 7, 1, 3, 45, 44, 46, 51, 196, 
                        254, 327, 468, 483, 179, 98, 334, 468, 402, 212, 400, 406, 395, 
                        249, 301, 35, 1, 7, 103, 399, 3, 127, 327, 36, 341, 143, 45, 
                        224, 347, 277, 20, 42, 58, 91, 203, 233, 276, 296, 414, 506, 
                        510, 252, 399, 321, 89, 158, 314, 18, 45, 68, 377, 468, 335, 
                        304, 321, 377, 316, 446, 469, 406, 196, 380, 193, 36, 339, 295, 
